104
Node1295
Node1296
Node1297
Node1298
Node1299
Node1300
Node1301
Node1302
Node1303
Node1304
Node1305
Node1306
Node1307
Node1308
Node1309
Node1310
Node1311
Node1312
Node1313
Node1314
Node1315
Node1316
Node1317
Node1318
Node1319
Node1320
Node1321
Node1322
Node1323
Node1324
Node1325
Node1326
Node1327
Node1328
Node1329
Node1330
Node1331
Node1332
Node1333
Node1334
Node1335
Node1336
Node1337
Node1338
Node1339
Node1340
Node1341
Node1342
Node1343
Node1344
Node1345
Node1346
Node1347
Node1348
Node1349
Node1350
Node1351
Node1352
Node1353
Node1354
Node1355
Node1356
Node1357
Node1358
Node1359
Node1360
Node1361
Node1362
Node1363
Node1364
Node1365
Node1366
Node1367
Node1368
Node1369
Node1370
Node1371
Node1372
Node1373
Node1374
Node1375
Node1376
Node1377
Node1378
Node1379
Node1380
Node1381
Node1382
Node1383
Node1384
Node1385
Node1386
Node1387
Node1388
Node1389
Node1390
Node1391
Node1392
Node1393
Node1394
Node1395
Node1396
Node1397
Node1398
230
0   96
1   0
2   1
2   96
3   2
4   3
5   4
5   0
6   5
6   0
7   5
7   17
7   20
7   45
7   46
7   4
7   3
7   2
7   86
7   91
7   96
7   95
8   5
8   21
8   52
8   66
8   72
8   4
8   2
8   96
9   8
9   30
9   33
10   9
10   8
10   75
10   0
11   8
11   37
11   45
11   57
11   69
11   17
12   5
13   5
13   17
13   26
13   44
13   49
13   53
13   52
13   59
13   64
13   57
13   69
13   75
13   4
13   2
13   91
13   0
13   94
13   99
13   103
14   5
14   17
14   37
14   52
14   66
14   75
14   4
14   83
14   2
14   91
14   92
14   96
14   97
14   95
14   0
14   100
15   5
16   5
17   5
17   24
18   17
18   20
18   69
19   17
19   20
20   17
20   37
20   46
20   67
21   20
22   21
22   49
22   20
23   20
23   46
24   20
25   24
25   37
26   25
26   37
26   20
27   26
27   20
28   27
29   26
29   37
30   29
31   30
31   33
32   30
32   33
33   30
34   26
35   25
36   20
37   20
38   37
39   38
39   37
39   49
39   20
39   57
39   2
39   91
39   0
40   37
41   40
41   46
41   57
41   72
41   75
41   4
41   3
41   83
41   2
41   86
41   91
41   92
41   0
41   98
41   102
42   40
43   40
43   91
43   0
44   20
45   44
46   20
47   20
48   20
49   20
50   49
50   57
51   49
52   20
53   52
54   53
55   53
56   53
57   20
58   57
59   58
60   59
61   60
62   60
63   60
64   59
64   94
64   99
65   64
66   20
66   0
67   66
68   66
69   20
70   4
71   4
72   4
73   72
73   75
73   4
73   79
73   2
73   91
73   0
73   103
74   72
74   4
75   72
75   75
75   79
75   4
76   75
77   4
78   4
79   4
79   2
79   93
79   96
79   100
79   103
80   4
81   4
82   2
82   0
83   2
84   2
85   2
86   2
87   2
88   2
89   2
90   2
91   1
92   0
93   0
94   0
95   94
96   95
96   100
97   96
98   0
99   0
100   99
101   0
102   0
103   0
