79
007F7B38
00ADE049
02D77DD6
09590CFD
09AC0A6A
0B1770DB
0B3EF042
0E9FF879
11404EC3
13300731
148C6F43
19A42D19
20B19259
24618BF6
281A810E
29F19BD1
2BCBC621
2C37E375
2C54C8FA
2CFD1C38
2DE30EC1
2FA3BC2D
3CED7EFD
3D97C149
43BE7544
43CF1EE2
449FA3AB
466B4289
492C7382
4AAF00E5
4BD6B383
4D0C4EE1
4F581493
517D0F0E
566F63C5
57548DCD
5B0358A2
5B26BA18
63FD4B8A
66FBC18C
6A9591D0
720360CD
7314216F
73D288A5
801EA932
80675E65
81B2A779
8421F11C
8B4608A1
8C0962D5
90C39968
93674C40
98FAA0AD
9E22EA50
A79FDB0F
A7FF7E09
AB963370
AC7F8CB2
AE8F7CF5
AFEEFE80
C7849372
C7A966DD
C8FEE085
C9541FB2
DB41B387
DB42A60E
DC60654E
DC92AE30
E0A38377
EA291785
ED9547ED
EE24429D
EECC734A
F0F88438
F8376205
F95C2F6D
F9773357
FC0C02D5
FDEC5969
281
0   37
0   39
0   64
1   78
2   9
2   63
3   4
3   13
3   20
3   48
3   54
3   75
3   77
4   3
4   29
4   36
4   47
4   48
4   75
5   9
5   11
5   39
5   42
5   52
5   56
5   57
5   60
5   63
5   69
5   72
6   10
6   18
7   45
8   39
8   64
8   75
9   2
9   5
9   11
9   25
9   28
9   30
9   38
9   39
9   42
9   52
9   56
9   57
9   60
9   63
9   67
9   69
9   72
9   78
10   6
11   5
11   9
11   27
11   39
11   59
11   69
13   11
13   69
14   21
14   70
15   21
15   44
16   24
16   26
16   33
16   51
16   73
17   21
17   23
17   44
17   55
17   58
17   64
17   68
17   70
17   74
18   6
18   53
18   76
19   1
19   22
20   40
21   14
21   27
21   36
21   39
22   19
23   21
23   64
24   16
24   59
24   73
25   2
25   9
25   63
25   67
26   16
27   16
27   20
27   21
27   24
27   31
27   39
27   51
27   59
27   64
27   71
27   73
28   9
28   37
28   38
28   63
29   31
29   61
30   9
30   32
30   62
31   27
31   61
32   30
34   27
34   46
34   51
34   74
35   36
36   3
36   4
36   21
36   35
36   39
36   48
36   64
36   75
37   0
37   28
38   9
38   63
39   0
39   5
39   8
39   9
39   11
39   16
39   21
39   27
39   33
39   36
39   49
39   52
39   56
39   59
39   64
39   68
39   69
39   75
40   12
41   3
42   5
42   9
42   57
42   72
43   46
44   15
45   7
45   66
46   34
46   43
47   4
48   3
48   4
48   13
48   54
48   75
48   77
49   4
49   29
49   31
49   39
49   61
50   65
50   73
51   16
51   21
51   39
51   59
51   64
51   66
51   74
52   22
53   6
53   18
53   45
53   66
54   3
54   48
55   68
56   5
56   9
56   39
57   5
57   9
58   70
59   11
59   16
59   24
59   27
59   39
59   69
59   73
60   9
61   29
61   31
62   30
63   2
63   5
63   9
63   25
63   28
63   30
63   38
63   67
64   0
64   8
64   13
64   17
64   23
64   27
64   36
64   39
64   47
64   51
64   75
66   45
66   53
67   2
67   25
67   63
68   39
69   11
69   13
69   16
69   27
69   39
69   59
70   58
70   75
71   27
71   34
71   46
71   51
71   61
72   5
72   9
72   42
72   57
72   63
73   16
73   24
73   50
73   59
75   4
75   8
75   15
75   39
75   64
75   70
76   4
76   18
76   29
76   56
77   3
77   20
77   41
77   48
78   1
78   9
