135
Node3031
Node3032
Node3033
Node3034
Node3035
Node3036
Node3037
Node3038
Node3039
Node3040
Node3041
Node3042
Node3043
Node3044
Node3045
Node3046
Node3047
Node3048
Node3049
Node3050
Node3051
Node3052
Node3053
Node3054
Node3055
Node3056
Node3057
Node3058
Node3059
Node3060
Node3061
Node3062
Node3063
Node3064
Node3065
Node3066
Node3067
Node3068
Node3069
Node3070
Node3071
Node3072
Node3073
Node3074
Node3075
Node3076
Node3077
Node3078
Node3079
Node3080
Node3081
Node3082
Node3083
Node3084
Node3085
Node3086
Node3087
Node3088
Node3089
Node3090
Node3091
Node3092
Node3093
Node3094
Node3095
Node3096
Node3097
Node3098
Node3099
Node3100
Node3101
Node3102
Node3103
Node3104
Node3105
Node3106
Node3107
Node3108
Node3109
Node3110
Node3111
Node3112
Node3113
Node3114
Node3115
Node3116
Node3117
Node3118
Node3119
Node3120
Node3121
Node3122
Node3123
Node3124
Node3125
Node3126
Node3127
Node3128
Node3129
Node3130
Node3131
Node3132
Node3133
Node3134
Node3135
Node3136
Node3137
Node3138
Node3139
Node3140
Node3141
Node3142
Node3143
Node3144
Node3145
Node3146
Node3147
Node3148
Node3149
Node3150
Node3151
Node3152
Node3153
Node3154
Node3155
Node3156
Node3157
Node3158
Node3159
Node3160
Node3161
Node3162
Node3163
Node3164
Node3165
366
1   0
2   1
3   2
3   108
4   3
4   16
4   21
4   27
4   28
4   33
4   36
4   41
4   55
4   56
4   58
4   60
4   66
4   67
4   69
4   70
4   71
4   72
4   73
4   76
4   77
4   79
4   82
4   84
4   85
4   86
4   87
4   88
4   90
4   92
4   94
4   96
4   97
4   98
4   99
4   100
4   102
4   103
4   110
4   111
4   113
4   117
4   118
4   121
4   122
5   4
5   12
5   3
6   5
7   5
7   8
7   3
7   79
7   82
7   96
7   98
8   5
9   8
10   8
10   16
10   28
10   33
10   27
10   36
10   21
10   41
10   56
10   58
10   59
10   66
10   70
10   71
10   72
10   73
10   85
10   86
10   87
10   90
10   94
10   95
10   96
10   97
10   98
10   99
10   102
10   103
10   105
10   107
10   110
10   111
10   113
10   117
10   118
10   122
10   121
10   108
10   0
11   8
12   11
13   11
13   66
14   8
15   4
16   2
17   16
18   16
19   16
19   59
19   0
20   1
21   20
21   77
21   88
21   109
22   21
23   21
23   113
24   21
24   56
24   59
24   67
24   69
24   73
24   84
24   95
24   96
24   99
24   110
24   111
24   113
25   21
25   113
26   21
26   58
26   76
26   99
26   113
27   21
27   67
27   69
27   76
27   86
27   95
27   99
27   110
27   113
27   118
28   27
28   96
28   107
29   28
29   27
29   21
29   55
29   56
29   67
29   69
29   77
29   87
29   92
29   94
29   96
29   102
29   110
29   113
29   122
30   28
31   27
32   27
33   27
34   27
35   27
35   85
36   27
36   21
36   67
36   98
36   110
36   113
36   118
37   21
37   59
37   113
38   21
38   113
39   21
39   58
39   69
39   76
39   99
39   113
39   118
39   122
40   21
40   76
40   99
40   113
41   21
41   56
41   67
41   98
41   110
41   113
42   21
42   58
43   21
44   21
45   21
45   113
46   21
46   58
46   69
46   76
46   99
46   113
47   21
48   21
48   56
48   59
48   67
48   69
48   73
48   84
48   95
48   96
48   99
48   110
48   113
49   21
49   113
50   21
50   56
50   59
50   67
50   69
50   73
50   84
50   95
50   96
50   99
50   110
50   113
51   21
52   21
53   21
54   21
54   58
54   113
55   20
56   20
56   113
57   56
57   113
57   117
57   121
58   20
59   20
60   59
60   95
61   60
61   59
61   105
61   0
62   59
62   95
62   96
63   59
63   66
63   72
63   87
63   90
63   95
63   96
63   97
63   100
63   103
64   59
65   59
66   20
67   20
68   67
68   110
69   20
70   20
71   20
72   20
73   20
74   73
74   99
75   73
75   99
76   73
77   20
78   20
79   78
80   79
80   82
81   79
82   79
83   82
84   20
85   84
85   20
86   85
87   20
88   20
89   88
90   20
91   90
91   97
92   20
93   92
93   102
94   20
95   20
96   20
97   20
98   20
99   20
100   20
101   20
101   109
101   0
102   20
103   20
104   0
105   0
106   105
106   107
107   105
107   0
108   0
109   108
110   109
111   109
112   111
113   111
113   109
114   113
115   113
116   113
117   109
118   117
119   118
120   118
121   109
122   121
123   0
124   123
125   124
126   125
127   125
127   130
127   133
128   127
129   124
129   130
130   124
131   0
132   0
133   132
134   133
