32
6	0	-0.807317	-0.0404611
11	1	-0.082848	-0.518302
14	2	0.0944154	-0.672444
15	3	0.371872	0.579961
16	4	-0.987563	0.235075
17	5	0.0790011	0.044317
19	6	0.57611		0.579961
21	7	-0.686568	-0.442163
22	8	0.872834	0.506744
25	9	0.8921		0.252409
27	10	-0.695563	0.368016
28	11	-1.21801	0.0422504
29	12	-0.514446	0.487476
30	13	-0.737953	0.657032
31	14	-0.88824	0.398844
34	15	-0.973454	-0.0188892
37	16	0.718691	0.387283
38	17	0.333336	0.406551
39	18	0.865126	0.0674384
40	19	-0.0328444	0.498446
44	20	0.502892	0.429672
46	21	0.718691	0.221581
48	22	0.317921	-0.491327
52	23	-0.573695	-0.719643
53	24	7.70204e-05	0.879393
55	25	-0.0674337	-0.344892
59	26	-0.576103	-0.0250469
66	27	-0.310208	0.121388
74	28	-0.969163	0.0905597
79	29	-0.804144	-0.0612166
81	30	-0.730246	0.159924
82	31	-0.341036	0.5684
258
0	1	1
0	2	1
0	3	1	2
0	4	1	2
0	5	1
0	8	1
0	10	1	2
0	11	1	2
0	12	1	2
0	13	1	2
0	14	1	2
0	15	1	2
0	18	1
0	19	1
0	22	1
0	24	1
0	25	1
0	26	1	2
0	27	1	2
0	28	1	2
0	29	1	2
0	30	1
0	30	1
0	31	1
0	31	1
1	2	1
1	5	1
1	8	1
1	18	1
1	19	1
1	22	1
1	24	1
1	25	1
2	5	1
2	8	1
2	18	1
2	19	1
2	22	1
2	24	1
2	25	1
3	4	1	3
3	5	1
3	6	1
3	7	1
3	8	1
3	9	1
3	10	1	3
3	11	1	3
3	12	1	3
3	13	1	3
3	14	1	4
3	15	1	2
3	16	1
3	17	1
3	18	1
3	20	1
3	21	1
3	22	1
3	23	1
3	26	1	3
3	27	1	2
3	28	1	2
3	29	1	3
3	30	1	3
3	31	1	3
4	10	1	3
4	11	1	3
4	12	1	3
4	13	1	3
4	14	1	3
4	15	1	2
4	26	1	2
4	27	1	2
4	28	1	2
4	29	1	3
4	30	1	3
4	31	1	3
5	6	1
5	7	1
5	8	1
5	8	1
5	9	1
5	14	1
5	16	1
5	17	1
5	18	1	2
5	19	1
5	20	1
5	21	1
5	22	1	2
5	23	1
5	24	1
5	25	1
5	26	1
6	7	1
6	8	1	2
6	9	1	2
6	14	1
6	16	1	2
6	17	1
6	18	1	2
6	20	1
6	21	1
6	22	1
6	23	1
6	26	1
6	28	1
6	31	1
7	8	1
7	9	1
7	14	1
7	16	1
7	17	1
7	18	1
7	20	1
7	21	1
7	22	1
7	23	1
7	26	1
8	9	1	2
8	14	1
8	16	1	2
8	17	1
8	18	1	3
8	19	1
8	20	1
8	21	1
8	22	1	2
8	23	1
8	24	1
8	25	1
8	26	1
8	28	1
8	31	1
9	14	1
9	16	1	2
9	17	1
9	18	1	2
9	20	1
9	21	1
9	22	1
9	23	1
9	26	1
9	28	1
9	31	1
10	11	1	3
10	12	1	4
10	13	1	4
10	14	1	4
10	15	1	2
10	26	1	2
10	27	1	2
10	28	1	2
10	29	1	3
10	30	1	3
10	31	1	4
11	12	1	3
11	13	1	3
11	14	1	3
11	15	1	2
11	26	1	2
11	27	1	2
11	28	1	2
11	29	1	3
11	30	1	3
11	31	1	3
12	13	1	4
12	14	1	4
12	15	1	2
12	26	1	2
12	27	1	2
12	28	1	2
12	29	1	3
12	30	1	3
12	31	1	4
13	14	1	4
13	15	1	2
13	26	1	2
13	27	1	2
13	28	1	2
13	29	1	3
13	30	1	3
13	31	1	4
14	15	1	2
14	16	1
14	17	1
14	18	1
14	20	1
14	21	1
14	22	1
14	23	1
14	26	1	3
14	27	1	2
14	28	1	2
14	29	1	3
14	30	1	3
14	31	1	4
15	26	1	2
15	27	1	2
15	28	1	2
15	29	1	2
15	30	1	2
15	31	1	2
16	17	1
16	18	1	2
16	20	1
16	21	1
16	22	1
16	23	1
16	26	1
16	28	1
16	31	1
17	18	1
17	20	1
17	21	1
17	22	1
17	23	1
17	26	1
18	19	1
18	20	1
18	21	1
18	22	1	2
18	23	1
18	24	1
18	25	1
18	26	1
18	28	1
18	31	1
19	22	1
19	24	1
19	25	1
20	21	1
20	22	1
20	23	1
20	26	1
21	22	1
21	23	1
21	26	1
22	23	1
22	24	1
22	25	1
22	26	1	2
24	25	1
26	27	1	2
26	28	1	2
26	29	1	2
26	30	1	2
26	31	1	2
27	28	1	2
27	29	1	2
27	30	1	2
27	31	1	2
28	29	1	2
28	30	1	2
28	31	1	3
29	30	1	3
29	31	1	3
30	31	1	3
