302
Node100
Node101
Node102
Node103
Node104
Node105
Node106
Node107
Node108
Node109
Node110
Node111
Node112
Node113
Node114
Node115
Node116
Node117
Node118
Node119
Node120
Node121
Node122
Node123
Node124
Node125
Node126
Node127
Node128
Node129
Node130
Node131
Node132
Node133
Node134
Node135
Node136
Node137
Node138
Node139
Node140
Node141
Node142
Node143
Node144
Node145
Node146
Node147
Node148
Node149
Node150
Node151
Node152
Node153
Node154
Node155
Node156
Node157
Node158
Node159
Node161
Node163
Node165
Node166
Node167
Node168
Node171
Node172
Node174
Node175
Node176
Node177
Node178
Node179
Node180
Node181
Node182
Node183
Node184
Node185
Node186
Node187
Node188
Node189
Node190
Node191
Node192
Node193
Node195
Node197
Node199
Node201
Node203
Node205
Node207
Node208
Node209
Node210
Node211
Node212
Node214
Node215
Node216
Node217
Node218
Node219
Node220
Node221
Node222
Node223
Node224
Node225
Node226
Node227
Node228
Node229
Node230
Node231
Node232
Node233
Node234
Node235
Node236
Node237
Node238
Node239
Node240
Node241
Node242
Node243
Node244
Node245
Node246
Node247
Node248
Node249
Node250
Node251
Node252
Node253
Node254
Node255
Node256
Node257
Node258
Node259
Node260
Node261
Node262
Node263
Node264
Node265
Node266
Node267
Node268
Node269
Node270
Node271
Node272
Node274
Node275
Node276
Node277
Node278
Node279
Node280
Node281
Node282
Node283
Node284
Node285
Node286
Node287
Node288
Node289
Node290
Node291
Node292
Node293
Node294
Node295
Node296
Node297
Node298
Node299
Node300
Node301
Node302
Node303
Node304
Node305
Node307
Node308
Node311
Node312
Node313
Node314
Node317
Node318
Node319
Node320
Node321
Node322
Node323
Node324
Node325
Node326
Node327
Node328
Node329
Node330
Node331
Node332
Node333
Node334
Node335
Node336
Node337
Node338
Node339
Node340
Node341
Node342
Node343
Node344
Node345
Node346
Node347
Node348
Node349
Node350
Node351
Node352
Node353
Node354
Node355
Node356
Node357
Node358
Node359
Node361
Node362
Node363
Node364
Node365
Node366
Node367
Node368
Node369
Node370
Node371
Node372
Node373
Node374
Node375
Node376
Node54
Node55
Node56
Node57
Node58
Node59
Node60
Node61
Node62
Node63
Node64
Node65
Node66
Node67
Node68
Node69
Node70
Node71
Node72
Node73
Node74
Node75
Node76
Node77
Node78
Node79
Node80
Node81
Node82
Node83
Node84
Node85
Node86
Node87
Node88
Node89
Node90
Node91
Node92
Node93
Node94
Node95
Node96
Node97
Node98
Node99
611
0   281
0   152
1   281
2   281
3   281
4   281
5   281
6   281
7   281
8   281
8   76
9   281
10   281
10   152
10   188
10   193
10   198
10   207
10   250
11   281
11   76
12   281
12   85
12   76
12   120
12   129
13   281
13   85
13   76
13   121
13   128
14   281
14   76
14   122
15   281
15   85
15   76
15   126
16   281
16   76
17   281
17   85
17   76
17   127
18   281
18   76
19   281
19   85
19   76
19   128
20   281
20   85
20   76
20   129
20   131
21   281
21   76
21   49
22   281
22   85
22   120
22   121
22   122
22   126
22   127
22   131
22   132
22   133
23   281
24   281
24   85
25   281
25   85
25   76
26   281
26   76
27   281
27   76
28   281
28   76
28   133
28   49
29   281
29   76
29   49
30   281
31   281
31   76
31   198
32   281
32   198
33   281
33   198
34   281
34   76
34   49
34   198
35   281
35   76
35   49
35   198
36   281
36   198
37   281
37   198
38   281
38   188
38   187
38   152
39   281
39   188
39   187
39   152
40   281
40   193
41   281
41   193
41   198
42   281
42   188
42   187
42   152
43   281
43   188
43   187
43   152
44   281
44   195
44   198
45   281
45   193
45   195
45   196
45   198
45   207
46   281
46   196
46   198
47   281
47   193
47   198
48   281
48   49
49   256
50   49
50   85
50   152
50   166
51   50
52   51
52   76
52   85
53   51
54   51
54   76
54   85
54   198
55   51
55   49
55   76
55   85
55   198
56   51
57   51
58   57
58   51
58   49
58   152
59   57
59   51
60   51
61   60
61   51
62   60
62   69
63   50
64   50
65   64
65   67
66   50
66   87
66   88
66   89
66   90
66   91
66   92
66   93
67   66
68   66
69   50
70   69
71   69
72   69
73   49
73   76
74   49
74   76
75   49
75   76
76   49
77   76
77   153
77   154
77   163
77   184
77   188
77   191
77   193
78   76
79   76
79   85
80   76
80   85
81   76
81   85
82   76
83   76
84   76
84   85
85   76
86   85
87   85
88   85
89   85
90   85
91   85
92   85
93   85
94   85
95   85
95   76
96   85
96   76
97   85
97   76
98   85
98   76
99   85
100   85
101   76
101   49
102   76
103   76
103   49
104   76
104   49
105   76
106   76
107   76
107   49
108   76
109   76
110   76
111   76
112   76
113   76
113   49
114   76
115   76
116   76
117   76
118   76
119   76
120   49
121   49
121   256
122   49
123   49
124   123
125   123
125   49
125   134
125   139
125   142
125   147
125   149
125   150
126   49
127   49
128   49
129   49
130   129
131   49
132   49
132   256
133   49
134   49
135   134
135   136
136   49
137   136
138   136
138   149
139   49
140   139
141   49
142   141
142   145
143   142
144   141
145   49
146   145
147   49
148   147
149   49
150   49
151   150
152   256
152   250
153   152
153   191
154   153
154   158
155   154
156   154
156   160
156   233
157   153
158   157
158   160
159   157
160   153
161   153
162   161
163   152
163   195
164   163
165   163
165   233
166   152
167   166
167   152
168   166
169   168
169   152
169   184
169   188
169   190
169   191
170   168
170   171
170   172
170   152
170   233
171   166
172   166
172   174
173   172
174   166
174   176
174   178
174   180
174   182
174   218
175   174
176   166
177   176
178   166
179   178
180   166
181   180
182   166
183   182
184   152
184   188
184   190
184   191
185   184
186   152
187   152
188   187
189   188
190   188
191   190
191   152
192   191
192   250
193   191
193   190
193   188
193   152
194   193
194   198
195   191
195   190
195   188
195   152
196   191
196   190
196   188
196   152
197   187
198   152
198   250
199   198
200   198
201   198
202   198
203   198
204   198
205   198
206   198
207   152
208   152
209   208
210   208
210   218
210   152
210   231
210   255
211   210
212   210
212   213
212   215
212   229
212   233
212   239
213   208
213   218
213   223
213   152
213   227
213   231
213   255
214   213
215   208
215   220
215   223
215   152
215   227
215   231
215   255
216   215
217   152
218   217
219   218
220   217
221   220
222   217
223   152
224   223
224   225
225   152
226   225
227   152
228   227
229   227
229   235
229   152
229   241
229   243
229   245
229   255
230   229
231   152
232   231
233   152
233   256
234   152
235   234
236   235
237   234
238   234
239   238
239   247
239   152
239   255
240   238
241   152
242   241
243   152
244   243
245   152
246   245
247   152
248   247
249   152
250   256
251   250
252   250
253   252
254   252
254   255
255   250
257   256
258   257
258   153
259   257
259   265
260   259
261   260
261   281
262   260
262   281
262   49
262   153
263   260
263   51
263   76
263   132
263   153
264   259
265   257
266   265
267   257
267   153
268   257
268   269
268   153
268   152
268   188
268   190
268   193
269   257
269   272
269   274
270   269
271   269
271   274
271   153
271   152
271   233
272   257
273   272
274   257
275   257
275   281
275   49
275   76
275   198
276   257
276   281
276   51
276   76
276   85
276   198
277   257
278   277
278   161
279   277
279   257
280   256
281   256
282   281
282   50
282   152
282   166
282   171
282   207
283   281
283   198
284   281
285   281
285   51
285   76
285   153
285   193
285   198
286   281
286   76
287   281
288   281
288   193
288   198
289   281
290   281
290   51
290   49
290   76
290   152
290   198
291   281
292   281
292   163
292   193
292   196
293   281
294   281
294   51
294   64
294   132
294   171
294   198
294   207
294   233
295   281
295   51
295   198
296   281
297   281
298   281
299   281
299   51
299   69
299   49
299   85
299   132
299   152
299   166
299   171
299   198
299   207
300   281
300   50
300   49
300   85
300   132
300   152
300   198
300   207
301   281
